 -0.01
-0.013
 -0.01
-0.011
-0.007
-0.005
-0.006
-0.007
-0.009
-0.007
-0.006
-0.005
-0.003
-0.006
-0.005
-0.003
     0
     0
 0.003
 0.009
 0.018
 0.029
 0.037
 0.045
  0.05
 0.054
 0.058
  0.06
 0.062
 0.064
 0.065
 0.066
 0.068
  0.07
 0.076
 0.076
 0.079
 0.075
  0.07
  0.06
 0.051
 0.044
 0.033
 0.028
 0.022
 0.022
 0.021
  0.02
  0.02
 0.019
 0.019
 0.019
 0.019
 0.018
 0.019
 0.022
 0.022
 0.025
  0.02
 0.022
 0.024
 0.024
 0.024
 0.024
 0.031
 0.034
 0.043
 0.046
 0.049
 0.048
  0.05
 0.066
 0.077
 0.095
 0.106
  0.12
 0.135
 0.163
  0.19
 0.234
 0.279
  0.31
  0.33
 0.325
 0.325
 0.309
 0.279
 0.207
 0.101
 0.004
-0.062
-0.083
-0.071
-0.058
-0.049
-0.045
-0.036
-0.025
-0.015
-0.011
-0.011
-0.014
-0.014
-0.015
-0.019
 -0.02
 -0.02
-0.016
-0.016
-0.011
-0.011
-0.015
-0.016
-0.016
-0.015
-0.018
-0.016
-0.018
-0.016
-0.016
-0.014
-0.016
-0.015
-0.009
-0.013
-0.009
 -0.01
-0.015
-0.019
 -0.02
-0.019
-0.018
-0.018
-0.021
-0.021
 -0.02
-0.016
-0.016
-0.018
-0.015
 -0.02
-0.021
-0.022
-0.024
-0.024
-0.026
 -0.02
-0.022
 -0.02
 -0.02
-0.021
-0.021
-0.018
-0.011
-0.009
-0.006
-0.006
-0.004
-0.003
 0.004
 0.011
 0.018
 0.021
 0.022
 0.026
 0.026
 0.028
 0.022
 0.025
 0.026
 0.026
 0.022
 0.021
  0.02
 0.018
 0.016
 0.011
 0.009
 0.003
-0.005
-0.007
-0.009
-0.013
-0.019
-0.022
-0.028
-0.026
-0.022
-0.018
-0.013
-0.011
-0.007
-0.011
 -0.01
 -0.01
-0.009
-0.007
-0.006
-0.001
-0.004
 0.004
 0.007
  0.01
 0.011
 0.011
 0.011
 0.009
 0.015
  0.02
  0.03
 0.037
  0.05
  0.06
 0.072
 0.095
  0.12
 0.159
 0.193
  0.23
 0.249
 0.266
 0.286
 0.306
 0.335
 0.324
 0.279
 0.189
 0.084
-0.003
-0.061
-0.074
-0.071
-0.068
-0.068
-0.072
-0.071
-0.065
 -0.06
 -0.06
 -0.06
 -0.06
-0.058
-0.055
-0.052
-0.055
 -0.06
-0.059
-0.058
-0.056
-0.059
 -0.06
 -0.06
-0.062
-0.065
-0.068
-0.064
 -0.06
-0.058
-0.058

-0.055
-0.052
-0.054
-0.052
 -0.05
 -0.05
 -0.05
-0.049
 -0.05
 -0.05
-0.055
-0.059
-0.058
-0.056
-0.056
-0.061
-0.062
-0.064
-0.065
-0.061
 -0.06
-0.052
-0.056
-0.055
-0.054
-0.051
-0.052
-0.052
 -0.05
-0.045
-0.043
-0.043
-0.039
-0.035
 -0.03
-0.022
-0.015
 -0.01
-0.015
-0.016
-0.016
-0.013
-0.011

-0.007
-0.003
-0.007
-0.007
-0.005
-0.004
-0.006
 -0.01
-0.009
 -0.01
-0.011
-0.011
 -0.01
-0.009
-0.009
-0.013
-0.014
-0.013
-0.015
-0.015
-0.015
-0.015
-0.016
-0.018
-0.021
-0.019
 -0.02
-0.021
-0.026
-0.029
-0.025
 -0.03
-0.031
-0.033
 -0.03
 -0.03
 -0.03
 -0.03
-0.033
-0.035
-0.039
-0.039
-0.039

-0.035
-0.034
-0.033
-0.035
-0.039
-0.041
-0.043
-0.043
 -0.04
-0.041
-0.037
-0.043
-0.041
-0.045
-0.046
-0.048
-0.048
-0.044
-0.045
-0.043
-0.044
-0.039
-0.034
-0.034
-0.039
-0.039
-0.036
-0.036
-0.035
-0.037
-0.036
-0.035
-0.037
-0.034
-0.036
-0.035
-0.035
-0.039
-0.044
-0.048
-0.046
-0.046
-0.045
-0.041
 -0.04
 -0.04
-0.043
-0.044
-0.043
 -0.04
-0.036
-0.036
 -0.04
-0.041
-0.043
-0.034
-0.031
 -0.03
-0.026
-0.022
-0.018
-0.014
-0.009
 -0.01
-0.004
 0.006
 0.014
 0.014
 0.016
 0.025
 0.028
  0.03
 0.031
 0.036
 0.039
 0.041
 0.043
 0.039
 0.035
 0.022
 0.015
 0.005
-0.001
-0.007
-0.011
-0.009
-0.018
 -0.02
-0.021

-0.016
-0.011
-0.007
 0.003
 0.004
 0.006
 0.004
 0.007
 0.013
 0.028
 0.043
 0.062
 0.077
 0.094
 0.111
 0.135
 0.179
 0.224
 0.271
 0.296
 0.307
 0.312
 0.302
 0.274
 0.189
 0.089
-0.016
-0.105
-0.147
-0.155
-0.139
-0.121
-0.113
-0.101
 -0.09
-0.079
-0.071
-0.066
-0.066
 -0.07
-0.071
 -0.07
-0.071
 -0.07
-0.066
-0.062
-0.064
-0.062
 -0.06
-0.061
-0.061
-0.064
-0.062
-0.062
-0.061
-0.055
-0.062
-0.064
 -0.07
-0.071
-0.071
-0.072
-0.076
-0.077
-0.077
-0.081
-0.081
 -0.08
-0.075
-0.072
-0.075
-0.076
-0.083
-0.083
 -0.08
-0.079
 -0.08
-0.081
 -0.08
 -0.09
-0.091
-0.089
 -0.09
-0.089
-0.091
 -0.09
-0.091
-0.092
-0.089
-0.085
 -0.08
 -0.08
-0.077
-0.079
-0.076
-0.076
-0.071
-0.069
-0.065
-0.062
-0.056
-0.051
-0.052
 -0.05
-0.045
 -0.04
-0.035
 -0.03
-0.029
-0.025
-0.026
-0.026
-0.026
-0.028
-0.025
-0.022
-0.021
-0.024
-0.024
-0.024
-0.022
-0.022
-0.019
-0.015
-0.013
 -0.01
-0.009
-0.009
-0.007
-0.004
 0.003
-0.003
-0.001
-0.003
 0.003
 0.004
 0.006
 0.007
 0.009
 0.014
 0.011
 0.011
  0.01
 0.011
  0.01
  0.01
 0.014
 0.009
 0.006
 0.003
-0.003
-0.004
-0.003
     0
-0.007
-0.007
-0.007
-0.006
-0.005
-0.006
-0.006
 -0.01
-0.009
-0.007
-0.004
-0.001
     0
 0.004
 0.009
 0.015
 0.019
 0.021
  0.02
  0.02
 0.019
 0.022
 0.026
  0.03
 0.031
 0.031
 0.031
  0.03
 0.031
 0.024
 0.018
 0.011
 0.003
-0.009
-0.021
 -0.03
-0.037
 -0.04
-0.043
-0.045
-0.048
-0.049
 -0.05
-0.045
-0.044
-0.045
-0.045
-0.045
-0.045
-0.046
-0.046
-0.039
-0.041
-0.043
-0.044
-0.043
-0.043
 -0.04
-0.039
-0.048
 -0.05
-0.048
-0.035
-0.021
-0.004
 0.011
 0.028
 0.046
 0.068
 0.102
 0.142
 0.188
 0.207
 0.217
 0.219
 0.195
 0.152
 0.071
-0.021
-0.101
-0.159
-0.171
-0.165
-0.146
-0.135
-0.129
-0.122
-0.117
-0.113
-0.111
-0.105
-0.106
-0.106
-0.106
-0.105
-0.104
-0.101
-0.099
-0.099
-0.104
-0.106
-0.106
-0.102
-0.102
-0.105
-0.104
   -0.1
   -0.1
-0.101
-0.101
-0.098
-0.098
-0.098
   -0.1
   -0.1
-0.104
-0.106
-0.107
-0.106
-0.102
-0.102
-0.106
-0.107
 -0.11
-0.111
-0.113
-0.113
-0.117
-0.117
-0.117
 -0.12
-0.125
-0.126
-0.121
-0.126
-0.125
-0.122
-0.124
-0.124
 -0.13
 -0.13
-0.129
-0.124
-0.124
-0.122
-0.116
-0.114
 -0.11
-0.107
-0.104
-0.101
-0.098
-0.091
 -0.09
-0.089
-0.091
-0.085
-0.083
 -0.08
-0.081
-0.083
-0.081
-0.083
-0.083
-0.083
 -0.08
 -0.08
 -0.08
 -0.08
-0.081

-0.081
 -0.08
-0.077
-0.074
-0.076
-0.077
-0.081
-0.079
-0.079
-0.079
-0.079
-0.075
 -0.07
-0.069
 -0.07
-0.068
-0.071
-0.071
-0.069
-0.065
-0.062
-0.065
-0.068
 -0.07
-0.069
-0.069
 -0.07
-0.068
-0.065
-0.066
 -0.07
-0.065
-0.064
-0.059
-0.055
-0.052
-0.051
 -0.05
 -0.04
-0.036
-0.033
-0.031
-0.029
-0.028
-0.024
-0.021
-0.021
-0.019
-0.016
-0.013
-0.007
-0.004
-0.005
 -0.01
-0.016
-0.026
-0.034
-0.045
-0.058
-0.068
-0.072
-0.074
-0.077
-0.076
-0.075
-0.076
-0.076
-0.075
-0.071
-0.071
-0.075
-0.076
-0.077
-0.079
 -0.08
-0.079
-0.079
-0.077
 -0.08
-0.079
-0.075
-0.072
-0.069
-0.068
 -0.07
 -0.07
-0.061
-0.049
 -0.03
-0.011
 0.011
 0.029
 0.056
 0.089
 0.134
 0.181
 0.215
 0.237
 0.239
  0.24
 0.214
 0.156
 0.068
-0.031
-0.119
-0.171
-0.185
-0.175
 -0.16
 -0.15
-0.144
-0.136
-0.128
-0.119
 -0.12
-0.119
-0.119
-0.116
-0.115
-0.116
-0.111
-0.116
-0.114
-0.113
-0.113
-0.111
 -0.11
-0.107
-0.106
-0.102
-0.102
   -0.1
-0.096
-0.094
-0.094
-0.095
-0.094
-0.095
-0.094
-0.092
-0.092
 -0.09
 -0.09
-0.089
-0.092
-0.086
-0.083
-0.086
-0.092
-0.092
-0.094
-0.094
-0.094
-0.092
-0.091
 -0.09
-0.098
-0.102
-0.104
-0.102
   -0.1
-0.095
-0.094
-0.098
-0.105
-0.104
-0.104
-0.094
-0.085
-0.084
-0.087
-0.087
-0.081
-0.083
 -0.08
-0.076
-0.071
-0.066
 -0.06
-0.054
-0.052
-0.049
-0.051
-0.054
-0.049
-0.044
 -0.04
-0.033
-0.026
-0.029
-0.037
 -0.05
-0.056
 -0.05
-0.041
-0.033
-0.029
-0.015
 -0.01
 -0.02
-0.039
-0.059
-0.069
 -0.08
-0.077
-0.066
-0.052
-0.046
-0.043
-0.048
 -0.05
 -0.05
-0.049
-0.045
 -0.04
-0.037
-0.037
-0.036
-0.034
-0.029
-0.025
 -0.02
 -0.02
-0.025
-0.025
-0.024
 -0.02
-0.016
-0.014
-0.015
 -0.02
 -0.02
-0.015
     0
 0.011
 0.001
-0.015
-0.016
-0.003
 0.005
 0.005
     0
     0
     0
-0.001
-0.007
-0.014
-0.021
 -0.04
-0.056
-0.064
-0.064
-0.059
-0.064
 -0.07
-0.084
-0.084
 -0.08
 -0.07
-0.066
-0.061
-0.064
-0.071
 -0.08
-0.085
-0.085
 -0.08
-0.075
 -0.07
-0.062
-0.049
-0.049
-0.058
-0.081
-0.102
 -0.11
-0.109
-0.089
-0.064
-0.036
 -0.02
-0.018
-0.015
 0.005
 0.037
 0.084
 0.131
 0.172
 0.188
 0.191
 0.194
 0.181
 0.145
 0.065
-0.022
-0.109
-0.177
-0.207
-0.201
-0.176
-0.155
-0.145
-0.136
 -0.13
 -0.13
-0.134
-0.133
-0.133
-0.133
-0.133
-0.135
-0.131
 -0.13
-0.128
-0.125
-0.124
-0.122
-0.113
-0.099
   -0.1
-0.115
-0.122
-0.116
-0.119
-0.128
-0.125
-0.119
-0.113
-0.114
-0.106
-0.102
-0.095
-0.102
-0.129
-0.146
-0.147
 -0.13
-0.113
-0.101
-0.106
-0.121
-0.126
-0.129
-0.124
 -0.12
-0.119
-0.135
-0.144
-0.138
 -0.13
-0.125
-0.124
-0.111
-0.102
-0.095
-0.109
-0.133
-0.144
-0.141
 -0.13
-0.131
 -0.13
-0.116
 -0.09
-0.066
-0.069
 -0.09
-0.101
-0.096
-0.095
-0.102
-0.106
-0.092
-0.076
-0.069
-0.075
-0.077
-0.081
 -0.08
-0.072
-0.071
-0.075
-0.079
-0.071
-0.071
 -0.08
-0.089
 -0.09
 -0.08
-0.071
-0.065
-0.077
-0.099

-0.106
-0.101
-0.098
-0.096
-0.095
-0.098
-0.098
-0.086
-0.068
 -0.05
-0.043
-0.052
-0.086
-0.105
-0.106
-0.111
-0.121
-0.122
-0.106
-0.079
-0.049
-0.044
-0.072
-0.113
-0.136
-0.128
 -0.11
-0.086
-0.076
-0.083
-0.099
   -0.1
-0.079
-0.052
-0.044
-0.061
-0.075
-0.071
 -0.06
-0.051
-0.052
-0.051
-0.051
 -0.05
-0.052
-0.056
-0.056
-0.056
-0.058
-0.064
 -0.07
-0.089
-0.106
-0.114
-0.113
-0.106
-0.096
-0.095
-0.107
-0.124
 -0.13
-0.122
-0.106
-0.094
-0.107
-0.121
-0.125
-0.122
-0.125
-0.121
-0.105
-0.099
-0.101
-0.116
 -0.13
-0.131
-0.126
-0.121
-0.115
-0.104
-0.091
-0.075
-0.058
-0.036
 -0.01
  0.02
 0.071
 0.126
  0.18
 0.204
 0.223
 0.224
 0.219
  0.19
 0.119
 0.029
-0.071
-0.156
-0.207
-0.231
-0.216
-0.201
-0.188
 -0.18
-0.174
-0.166
-0.161
-0.154
-0.151
-0.147
-0.149
-0.146
-0.146
-0.146
-0.145
-0.145
-0.145
 -0.15
-0.149
-0.147
-0.142
 -0.14
-0.139
 -0.14
-0.141
-0.136
-0.135
-0.133
-0.131
-0.133
-0.136
-0.138
-0.136
-0.136
-0.135
-0.131
-0.136
-0.138
-0.135
-0.136
-0.135
-0.134
-0.135
-0.134
-0.136
-0.134
-0.139
-0.142
-0.142
-0.142
 -0.14
-0.139
-0.136
-0.141
-0.144
-0.141
-0.139
-0.135
-0.135
-0.131
-0.128
-0.119
-0.114
-0.107
-0.105
-0.105
   -0.1
-0.094
-0.086
-0.087
-0.085
-0.084
-0.086
-0.084
 -0.08
-0.074
-0.072
-0.071
 -0.07
 -0.07
-0.069
 -0.07
-0.069
-0.069
-0.069
 -0.07
-0.066
-0.065
-0.068
-0.069
-0.065
-0.064
-0.061
-0.062
-0.062
-0.061
 -0.06
-0.055
-0.056
-0.056
-0.058
-0.058
-0.052
 -0.05
-0.048
-0.049
-0.046
-0.045
-0.044
-0.044
-0.044
-0.045
-0.045
-0.041
-0.043
-0.039
-0.035
-0.031
-0.026
-0.021
-0.018
-0.021
-0.016
-0.014
-0.006
-0.003
 0.003
 0.004
-0.001
     0
 0.001
  0.01
 0.018
 0.024
 0.022
 0.025
 0.026
 0.025
 0.028
  0.02
 0.011
 0.001
 -0.01
 -0.02
-0.035
-0.041
-0.046
-0.051
-0.054
-0.054
-0.049
-0.052
-0.055
-0.058
-0.058
-0.054

-0.054
-0.056
-0.058
-0.055
-0.054
 -0.05
-0.049
-0.049
-0.048
-0.043
-0.043
-0.045
 -0.05
-0.054
-0.051
-0.044
-0.028
-0.009
 0.019
  0.04
  0.06
 0.085
 0.117
 0.174
 0.217
 0.253
 0.264
 0.268
 0.263
 0.242
 0.188
 0.104
 0.006
-0.079
-0.128
-0.136
-0.128
-0.115
 -0.11
-0.101
-0.092
 -0.08
-0.076
-0.074
-0.074
-0.075
-0.072
-0.076
-0.076
-0.075
-0.075
-0.072
-0.071
-0.071
-0.074
-0.074
-0.077
-0.075
-0.072
 -0.07
 -0.07
-0.068
-0.065
-0.068
-0.066
-0.066
-0.065
-0.064
-0.061
-0.058
 -0.06
-0.062
-0.066
-0.069
-0.068
-0.062
 -0.06
-0.064
-0.065
-0.071
 -0.07
-0.066
-0.064
-0.065
-0.066
-0.068
-0.069
-0.068
-0.066
-0.066
-0.064
-0.062
-0.065
-0.068
-0.066
-0.064
 -0.06
-0.055
-0.049
-0.052
-0.049
-0.046
-0.044
-0.043
-0.043
-0.036
-0.034
-0.026
-0.025
-0.021
-0.022
-0.024
-0.028
-0.026
-0.024
-0.024
-0.021
-0.026
 -0.03
-0.031
-0.028
-0.019
-0.025
-0.026
-0.029
 -0.03
-0.033
-0.031
-0.026
-0.029
-0.028
-0.025
-0.024
-0.026
-0.029
 -0.03
 -0.03
-0.029
-0.029
-0.024
-0.021
-0.019
-0.019
-0.016
-0.016
-0.018
-0.016
-0.019
-0.021
-0.022
-0.021
-0.019
-0.018
-0.018
-0.018
-0.016
-0.015
 -0.01
-0.007
-0.003
     0
 0.004
 0.009
 0.013
 0.015
  0.02
 0.025
 0.028
 0.028
 0.024
 0.025
  0.03
 0.037
 0.049
 0.049
 0.054
  0.05
 0.048
 0.035
 0.028
  0.02
 0.009
     0
-0.009
-0.018
-0.022
-0.021
-0.022
-0.022
-0.022
-0.029
-0.033
-0.035
-0.036
-0.041
-0.044
-0.036
-0.035
-0.031
-0.031
-0.033
-0.033
-0.034
-0.031
-0.031
-0.026
-0.024
-0.028
-0.034
-0.039
-0.036
-0.028
-0.009
 0.011
  0.03
 0.049
 0.075
  0.11
  0.16
  0.21
 0.258
 0.281
 0.296
 0.295
 0.261
 0.199
 0.091
-0.013
-0.096
-0.138
 -0.14
-0.125
-0.111
-0.105
-0.099
-0.094
 -0.09
-0.084
-0.077
-0.074
 -0.07
-0.071
-0.075
-0.077
-0.079
-0.079
-0.075
-0.069
-0.065
-0.074
-0.075
-0.075
-0.076
 -0.08
-0.076
-0.066
-0.066
-0.065
-0.065
-0.065
-0.069
-0.069
-0.064
-0.059
-0.055
-0.052
-0.046
-0.046
-0.052
-0.054
-0.046
-0.039
-0.045
-0.062
 -0.08
-0.091
-0.086
-0.081
-0.075
-0.077
-0.072
-0.068
-0.065
-0.068
-0.075
-0.076
 -0.08
-0.077
-0.072
-0.065
-0.058
-0.056
-0.058
-0.058
-0.058
-0.058
-0.051
-0.043
-0.036
-0.033
-0.033
-0.036
-0.037
-0.035
-0.031
-0.029
-0.026
-0.022
-0.024
-0.025
-0.028
 -0.03
-0.035
-0.036
 -0.03
-0.024
-0.018
-0.018
-0.018
-0.022
-0.029
-0.034
-0.037
-0.036
 -0.04
-0.034
-0.033
 -0.03
-0.026
-0.022
-0.016
 -0.02
-0.019
-0.015
-0.014
-0.014
-0.013
-0.009
-0.013
-0.013
-0.013
-0.009
-0.005
-0.003
-0.005
 -0.01
-0.011
-0.014
-0.011
 -0.01
-0.009
-0.006
-0.004
-0.001
-0.003
     0
 0.001
 0.004
 0.009
 0.015
 0.019
 0.016
 0.015
 0.018
 0.021
  0.03
 0.043
 0.051
 0.061
 0.065
 0.069
 0.064
 0.049
 0.026
 0.011
 0.006
-0.005
-0.019
-0.026
-0.024
-0.029
-0.044
-0.054
-0.056
-0.049
-0.045
 -0.04
-0.033
-0.025
-0.026
 -0.04
-0.046
-0.045
-0.041
 -0.04
-0.035
-0.031

-0.026
-0.016
-0.013
-0.006
-0.004
-0.003
-0.006
-0.011
 -0.01
-0.005
 0.019
 0.054
 0.094
 0.119
 0.142
 0.175
 0.209
 0.253
 0.284
 0.307
 0.302
 0.294
  0.24
 0.146
  0.04
-0.065
-0.133
-0.154
-0.145
-0.115
-0.094
-0.094
   -0.1
-0.089
-0.072
 -0.07
-0.072
-0.071
-0.058
-0.055
-0.058
-0.065
-0.072
-0.083
 -0.09
-0.094
-0.098
   -0.1
-0.099
-0.087
 -0.08
-0.079
-0.071
-0.059
 -0.05
-0.051
-0.055
-0.062
-0.075
-0.084
-0.079
-0.066
 -0.06
-0.071
 -0.08
 -0.08
-0.076
 -0.08
-0.092
-0.085
-0.072
-0.066
-0.074
-0.089
-0.098
-0.096
-0.081
-0.071
-0.074
-0.087
   -0.1
-0.101
-0.098
-0.091
-0.091
-0.092
-0.095
-0.094
-0.081
-0.066
 -0.05
-0.046
-0.045
-0.055
 -0.07
-0.076
-0.072
 -0.06
-0.052
-0.045
-0.041
-0.036
-0.036
-0.037
 -0.04
-0.036
-0.034
-0.036
-0.036
-0.036
-0.034
 -0.03
-0.026
-0.025
-0.028
-0.028
 -0.03
-0.029
-0.029
-0.025
-0.021
-0.019
-0.018
-0.015
-0.014
-0.014
-0.015
-0.021
-0.016
-0.006
-0.006
-0.014
-0.019
 -0.02
-0.019
-0.019
-0.024
-0.021
-0.019
 -0.02
-0.021
-0.016
-0.007
 -0.01
-0.013
-0.018
-0.016
-0.019
 -0.01
 0.006
 0.011
 0.013
     0
-0.006
-0.006
-0.004
 0.001
  0.01
 0.021
 0.025
 0.029
 0.033
 0.037
 0.039
 0.041
  0.05
 0.051
 0.055
 0.058
 0.059
 0.054
 0.046
 0.041
 0.034
 0.026
 0.015
 0.005
-0.001
-0.006
-0.019
-0.026
-0.029
 -0.03
-0.031
-0.029
-0.028
-0.028
-0.026
-0.028
 -0.03
-0.028
-0.028
-0.022
-0.021
 -0.02
-0.024
-0.021
-0.016
 -0.01
-0.005
-0.001
 0.003
-0.005
-0.005
-0.001
 0.011
  0.03
 0.051
  0.07
  0.09
 0.122
 0.154
 0.209
 0.259
 0.294
 0.305
 0.307
 0.309
  0.29
 0.246
 0.161
 0.048
 -0.06
-0.133
-0.152
-0.146
-0.125
 -0.11
-0.096
-0.086
-0.079
 -0.07
-0.062
 -0.06
 -0.06
 -0.06
-0.058
-0.056
-0.058
-0.059
-0.055
 -0.06
-0.059
-0.058
 -0.06
-0.056
-0.052
-0.046
-0.051
-0.055
-0.059
-0.062
-0.062
-0.062
-0.061
 -0.06
-0.056
-0.059
 -0.06
-0.062
-0.062
-0.061
-0.059
-0.058
-0.058
-0.059
-0.062
-0.065
-0.068
-0.069
-0.071
-0.071
-0.072
-0.072
-0.072
-0.075
-0.076
-0.081
-0.083
-0.081
-0.084
-0.083
 -0.08
-0.074
-0.072
 -0.07
-0.065
-0.061
-0.059
 -0.06
-0.061
-0.058
-0.051
 -0.05
-0.045
-0.039
-0.033
-0.031
 -0.03
-0.025
-0.028
-0.029
-0.031
-0.031
-0.031
-0.031
-0.029
-0.031
-0.033
-0.036
-0.037
-0.037
-0.036
-0.031
-0.029
-0.025
-0.026
-0.028
-0.028
-0.024
-0.019
-0.016
-0.015
-0.018
-0.016
 -0.02
-0.022
-0.022
-0.019
-0.016
-0.016
-0.016
-0.016
-0.016
 -0.02
-0.019
 -0.02
 -0.02
-0.016
-0.013
-0.011
-0.013
-0.014
-0.013
 -0.01
-0.011
-0.005
     0
     0
    0
0.003
0.013
 0.01
0.014
0.016
 0.02
0.021
0.019
0.021
0.019
0.026
0.033
 0.04
0.043
0.044
0.043
 0.039
 0.033
  0.02
 0.009
-0.005
-0.018
-0.029
-0.034
-0.033
-0.039
-0.044
-0.045
-0.045
-0.048
-0.046
-0.045
 -0.05
 -0.05
-0.051
-0.051
-0.054
-0.055
-0.055
-0.054
-0.049
-0.049
-0.046
-0.044
-0.041
-0.044
-0.048
 -0.05
-0.052
-0.045
-0.031
 -0.01
 0.016
  0.04
 0.058
 0.077
 0.105
 0.147
 0.193
  0.23
 0.247
 0.249
  0.25
 0.226
 0.175
 0.085
-0.013
-0.099
-0.154
-0.168
-0.156
 -0.14
-0.125
-0.117
-0.114
-0.107
-0.098
-0.098
-0.099
   -0.1
-0.099
-0.096
-0.095
-0.087
 -0.09
-0.089
 -0.09
-0.087
-0.086
-0.086
 -0.09
-0.095
-0.095
-0.096
-0.098
-0.095
-0.092
 -0.09
-0.086
-0.084
-0.086
-0.086
 -0.09
-0.095
-0.098
-0.096
-0.089
-0.091
-0.089
-0.086
-0.085
-0.086
-0.091
-0.094
   -0.1
-0.102
-0.102
-0.101
-0.099
-0.098
-0.098
   -0.1
   -0.1
-0.102
-0.102
-0.102
-0.104
-0.105
-0.102
   -0.1
-0.098
-0.092
-0.089
-0.087
-0.089
-0.087
-0.085
-0.083
-0.077
-0.072
-0.068
-0.065
-0.064
-0.065
-0.065
-0.065
-0.065
-0.065

-0.064
-0.062
-0.061
-0.061
-0.065
-0.064
-0.062
-0.059
-0.061
-0.062
 -0.06
-0.062
-0.058
-0.056
-0.052
-0.054
-0.054
 -0.05
-0.052
-0.051
 -0.05
-0.052
-0.051
-0.048
-0.046
-0.048
-0.049
-0.052
-0.052
 -0.05
 -0.05
-0.051
-0.054
-0.051
-0.055
-0.054
-0.054
-0.055
-0.061
-0.068
-0.066
-0.065
-0.059
-0.055
 -0.05
-0.048
-0.043
-0.043
-0.043
-0.045
-0.046
-0.043
-0.035
-0.028
-0.021
 -0.02
-0.022
-0.022
-0.018
-0.011
-0.006
-0.005
-0.005
-0.007
-0.006
-0.009
-0.015
-0.024
 -0.03
-0.039
-0.052
-0.061
-0.068
-0.069
-0.071
-0.075
-0.083
-0.083
-0.076
-0.071
-0.069
-0.071
-0.071
-0.071
-0.066
 -0.06
-0.069
-0.072
-0.071
-0.068
-0.062
-0.059
-0.049
 -0.05
 -0.05
 -0.05
-0.045
-0.037
-0.025
 -0.01
 0.001
 0.014
 0.026
  0.05
  0.08
  0.12
 0.163
 0.216
 0.247
 0.258
  0.26
 0.249
 0.215
 0.139
 0.045
-0.051
 -0.13
-0.166
-0.168
 -0.15
-0.125
-0.113
-0.104
-0.102
   -0.1
-0.095
-0.086
-0.081
-0.083
-0.085
-0.085
-0.085
-0.084
-0.083
 -0.08
-0.079
 -0.08
-0.084
-0.089
-0.086
-0.084
-0.089
-0.091
-0.091
-0.085
 -0.09
 -0.09
-0.089
-0.091
-0.095
-0.095
-0.092
 -0.09
-0.089
-0.094
-0.092
-0.089
-0.085
-0.085
 -0.09
-0.092
-0.101
-0.106
-0.102
-0.096
-0.094
-0.092
-0.087
-0.095
-0.098
   -0.1
-0.102
-0.104
-0.105
-0.098
-0.096
-0.092
-0.091
-0.087
-0.081
 -0.08
-0.083
-0.076
-0.069
-0.066
-0.065
-0.061
-0.052
-0.044
-0.036
-0.028
-0.024
-0.026
-0.035
-0.039
 -0.04
-0.035
-0.034
-0.035
-0.035
-0.031
 -0.03
-0.033
-0.037
-0.045
-0.048
-0.046
-0.041
-0.036
-0.029
-0.029
-0.028
-0.026

-0.029
-0.029
-0.028
-0.025
-0.024
-0.021
-0.016
-0.018
-0.014
-0.016
-0.021
-0.022
-0.018
-0.006
-0.003
 0.001
     0
-0.005
-0.015
-0.024
-0.024
-0.016
-0.011
 -0.01
-0.007
-0.006
-0.005
 0.001
 0.013
 0.021
 0.011
 0.003
-0.001
 0.001
 0.006
 0.013
  0.02
 0.014
  0.01
 0.005
 0.014
 0.024
 0.033
  0.03
 0.026
 0.026
 0.028
 0.029
 0.021
 0.014
 0.003
-0.006
-0.018
-0.026
-0.033
-0.036
-0.037
 -0.04
-0.043
-0.046
-0.048
-0.044
-0.037
-0.033
-0.033
-0.033
-0.036
-0.039
 -0.04
-0.043
-0.041
-0.039
-0.037
-0.039
-0.036
-0.034
-0.029
-0.028
-0.036
-0.041
-0.036
-0.015
 0.001
 0.026
 0.045
  0.07
 0.095
 0.133
 0.184
 0.221
  0.26
 0.276
  0.29
 0.282
 0.263
 0.212
 0.126
  0.03
-0.056
-0.111
-0.128
-0.128
-0.124
-0.119
-0.101
-0.086
-0.077
-0.074
-0.079
-0.081
 -0.08
-0.074
 -0.07
-0.069
-0.075
-0.079
 -0.08
 -0.08
-0.081
-0.083
-0.083
-0.086
-0.085
 -0.08
-0.076
-0.079
 -0.08
 -0.08
-0.077
-0.072
-0.068
-0.069
 -0.07
-0.076
-0.084
-0.084
-0.079
-0.079
-0.081
-0.079
-0.075
-0.085
-0.089
-0.086
-0.084
-0.083
-0.077
-0.075
 -0.07
-0.065
-0.072
-0.084
-0.094
-0.095
-0.094
-0.084
-0.071
-0.072
-0.079
-0.084
-0.081
-0.081
-0.079
-0.066
-0.065
-0.066
-0.074
 -0.08
 -0.08
-0.075
-0.068
-0.069
-0.062
-0.055
 -0.05
-0.048
-0.048
-0.054
 -0.06
 -0.06
-0.056
 -0.05
-0.051
-0.055
-0.061
-0.065
-0.064
-0.065
-0.065
-0.061
-0.058
-0.051
 -0.05
-0.055
-0.061
-0.061
-0.056
-0.051
-0.049
-0.048
-0.046
-0.049
-0.055
-0.056
-0.056
-0.049
-0.044
-0.044
-0.049
-0.055
-0.059
-0.052
-0.049
-0.043
-0.043
-0.043
-0.045
-0.045
-0.046
 -0.05
 -0.05
-0.048
-0.044
-0.045
-0.036
-0.025
-0.021
-0.035
-0.048
-0.051
-0.045
-0.036
 -0.03
-0.025
-0.022
-0.022
 -0.02
-0.011
     0
-0.004
-0.003
     0
 0.007
 0.006
     0
     0
-0.007
 -0.01
 -0.02
-0.035
-0.054
-0.068
-0.075
-0.077
-0.075
-0.077
-0.076
-0.072
-0.069
-0.066
-0.069
-0.066
-0.071
-0.069
-0.062
 -0.06
-0.065
-0.074
-0.077
-0.076
-0.071
-0.066
-0.064
-0.061
-0.059
-0.061
-0.061
-0.058
-0.052
-0.043
-0.029
-0.013
 0.003
 0.018
 0.035
 0.065
 0.111
 0.159
    0.2
  0.22
  0.23
 0.212
 0.174
 0.091
-0.011
-0.114
-0.174
 -0.19
-0.184
-0.165
-0.144
 -0.13
-0.116
 -0.11
-0.104
-0.104
   -0.1
-0.095
 -0.09
-0.092
   -0.1
-0.105
   -0.1
-0.094
-0.094
 -0.09
-0.085
-0.079
 -0.08
-0.084
-0.086
-0.094
-0.092
-0.087
-0.083
-0.087
-0.096
-0.096
-0.099
-0.099
-0.101
-0.102
-0.106
-0.107
-0.104
-0.105
-0.102
-0.104
-0.102
-0.107
 -0.12
-0.122
 -0.12
-0.114
-0.114
-0.114
-0.114
-0.116
-0.119
-0.121
 -0.13
-0.134
-0.136
-0.138
-0.135

-0.131
-0.128
-0.124
-0.119
-0.116
-0.115
-0.114
 -0.11
-0.107
-0.107
-0.099
-0.094
-0.087
 -0.08
-0.075
-0.072
-0.071
 -0.07
-0.076
-0.077
-0.072
 -0.07
-0.069
 -0.07
-0.065
-0.066
-0.065
-0.069
-0.068
-0.068
 -0.07
-0.071
-0.072
-0.074
-0.077
-0.075
-0.069
-0.065
-0.064
-0.064
 -0.06
-0.064

-0.062
-0.059
-0.056
-0.056
-0.055
-0.052
-0.052
-0.051
-0.052
-0.048
-0.048
-0.046
-0.046
-0.041
-0.036
-0.036
-0.036
-0.037
-0.035
-0.033
-0.031
-0.028
 -0.03
-0.031
-0.036
-0.033
-0.025
-0.016
-0.018
-0.015
-0.015
 -0.01
-0.006
 0.001
 0.005
 0.007
 0.015
 0.015
 0.016
 0.019
 0.022
 0.025
  0.03
 0.039
 0.037
 0.041
 0.039
 0.034
 0.026
 0.021
  0.02
 0.004
-0.005
-0.015
-0.024
-0.028
-0.026
-0.021
-0.026
-0.024
-0.029
-0.033
-0.033
 -0.03
 -0.03
 -0.03
 -0.03
 -0.03
 -0.03
-0.029
-0.026
-0.022
-0.018
-0.013
-0.015
-0.018
-0.022
-0.025
-0.024
-0.019
-0.005
 0.007
 0.024
  0.04
 0.059
 0.077
 0.105
 0.139
 0.184
  0.23
 0.269
 0.281
  0.28
 0.274
 0.245
 0.194
 0.105
 0.019
-0.056
-0.101
 -0.11
-0.096
-0.077
 -0.07
-0.066
-0.059
-0.048
-0.044
-0.044
-0.044
-0.049
-0.049
-0.046
-0.043
-0.036
-0.034
-0.036
 -0.04
 -0.04
 -0.04
 -0.04
-0.039
-0.033
-0.028
-0.028
-0.025
 -0.03
-0.031
-0.031
-0.026
-0.022
-0.024
-0.022
-0.026
-0.022
-0.022
-0.026
 -0.03
 -0.03
-0.026
-0.029
-0.024
-0.019
-0.014
-0.018
-0.026
-0.033
-0.034
-0.033
-0.034
-0.035
-0.033
-0.034
-0.033
 -0.03
 -0.03
-0.033
-0.031
-0.026
 -0.02
-0.019
-0.016
-0.018
-0.016
-0.015
-0.015
-0.019
-0.028
-0.024
-0.013
-0.005
-0.001
     0
     0
 0.003
 0.007
 0.007
 0.007
 0.001
     0
     0
 0.006
 0.011
 0.014
 0.016
 0.011
 0.011

0.011
0.009
0.005
0.007
0.015
0.013
0.015
0.013
0.014
0.015
0.018
0.015
0.016
0.018
0.015
0.018
0.022
0.035
 0.05
 0.07
0.094
0.113
0.134
 0.14
0.136
0.119
0.102
0.077
 0.035
-0.021
-0.099
-0.171
-0.236
-0.279
-0.289
 -0.29
-0.284
-0.278
-0.255
-0.224
-0.205
-0.186
-0.169
-0.142
-0.124
   -0.1
-0.076
-0.055
-0.031
-0.009
 0.013
 0.031
 0.041
 0.049
 0.048

0.049
0.055
 0.06
0.064
 0.06
0.055
0.045
0.037
0.035
0.033
0.029
0.018
0.018
0.015
0.018
0.022
0.026
0.034
0.034
0.039
0.041
0.041
0.039
0.043
0.051
0.049
0.054
0.056
0.058
0.058
0.061
0.061
0.069
0.075
0.074
0.072
0.069
0.074
0.077
0.086
0.095
0.095
0.099
  0.1
0.102
0.099
0.102
0.104
0.099
  0.1
0.102
0.105
0.099
0.096
0.094
  0.1
0.099
0.095
0.091
0.086
0.083
0.075
0.069
0.062
0.059
0.055
0.052
0.044
0.035
0.036

 0.034
 0.035
 0.031
 0.033
  0.03
 0.029
 0.029
 0.019
 0.016
 0.014
 0.011
 0.007
 0.005
 0.009
  0.01
 0.011
 0.006
     0
 -0.01
-0.015
-0.021
-0.016
-0.009
-0.013
-0.016
 -0.02
-0.024
-0.024
-0.022
-0.018
-0.025
-0.024
-0.026
-0.026
-0.025
-0.024
 -0.02
-0.022
 -0.02
-0.021
-0.021
-0.022
-0.025
-0.026
-0.025
-0.025
-0.025
-0.021
-0.021
-0.024
-0.029
-0.026
-0.018
-0.014
-0.013
-0.016
-0.025
-0.031
 -0.03
-0.028
-0.026
-0.028
 -0.03
-0.033
-0.034
-0.031
-0.028
-0.028
-0.029
-0.033
-0.035
-0.035
-0.033
-0.029
-0.029
-0.031
-0.029
-0.029
-0.031
-0.035
-0.034
-0.025
 -0.03
-0.034
-0.033
-0.026
-0.024
-0.022
-0.021
-0.028
-0.031
-0.033
 -0.03
-0.029
-0.025
-0.026
-0.022
-0.016
-0.018
-0.022
-0.022
-0.022
-0.024
-0.022
-0.013
-0.015
-0.016
-0.022
-0.022
-0.021
-0.019
 -0.01
-0.005
-0.003
-0.001
 0.003
 0.005
  0.01
 0.014
 0.019
 0.025
  0.03
 0.037
 0.049
 0.054
 0.046
 0.037
 0.037
 0.041
  0.04
 0.036
  0.04
  0.05
 0.058
 0.046
 0.024
      0
-0.013
-0.018
-0.015
-0.009
-0.009
-0.007
-0.016
-0.025
-0.026
-0.018
-0.001
 0.028
 0.056
 0.075
 0.105
 0.145
 0.182
 0.214
 0.239
 0.263
  0.26
  0.23
 0.159
 0.071
-0.019
-0.087
-0.119
-0.117
-0.098
 -0.09
-0.096
   -0.1
 -0.09
-0.079
-0.072
-0.072
-0.077
-0.075
-0.071
-0.071
-0.075
-0.074
-0.068
-0.069
-0.065
-0.065
-0.064
-0.062
-0.069
-0.077
-0.092
-0.091
-0.085
-0.079
-0.079
-0.087
   -0.1
 -0.11
-0.101
-0.089
 -0.08
-0.081
-0.089
-0.098
-0.102
-0.096
-0.086
-0.077
-0.083
-0.092
   -0.1
-0.105
-0.105
-0.105
   -0.1
-0.094
-0.094
-0.095
-0.085
-0.079
-0.085
-0.106
 -0.12
-0.117
-0.109
-0.099
-0.102
-0.109
-0.114
-0.107

-0.105
-0.101
-0.096
-0.094
-0.105
-0.121
 -0.12
-0.113
 -0.12
 -0.13
-0.124
-0.104
   -0.1
-0.102
-0.106
   -0.1
-0.091
-0.094
-0.096
-0.105
-0.109
-0.098
-0.083
 -0.08
-0.086
-0.081
-0.069
-0.061
-0.062
-0.065
-0.066
 -0.07
-0.077
-0.081
-0.076
 -0.07
-0.052
-0.043
-0.046
-0.058
-0.056
-0.043
 -0.03
-0.018
 -0.01
-0.006
-0.006
 -0.01
-0.019
-0.021
-0.025
-0.029
-0.022
-0.006
 0.006
 0.011
 0.013
 0.007
 0.004
     0
-0.005
-0.001
 0.019
  0.04
 0.035
  0.01
-0.007
 0.003
 0.022
  0.03
 0.015
-0.003
 0.004
 0.013
     0
 -0.04
-0.065
-0.066
-0.045
 -0.02
-0.005
-0.001
-0.009
-0.018
-0.025
-0.031
-0.025
-0.018
 0.004
 0.016
 0.021
 0.021
0.019

 0.018
 0.004
-0.003
     0
 0.015
  0.03
 0.037
 0.025
  0.01
 0.004
 0.006
 0.016
 0.026
 0.036
 0.033
 0.021
 0.011
-0.004
-0.013
-0.016
-0.014
-0.018
-0.019
-0.026
-0.037
-0.031
-0.016
-0.019
-0.035
-0.041
-0.034
-0.028
-0.037
-0.054
-0.061
 -0.06
 -0.05
-0.043
-0.041
 -0.05
-0.055
-0.052
 -0.05
-0.045
-0.035
-0.026
-0.028
-0.025
-0.015
 0.011
 0.043
 0.064
 0.089
 0.113
 0.161
  0.19
 0.209
 0.216
  0.22
 0.198
 0.135
 0.043
-0.054
-0.131
-0.168
-0.165
-0.138
-0.111
-0.096
   -0.1
-0.106
-0.106
-0.096
-0.085
-0.077
-0.069
-0.081
-0.091
-0.096
-0.095
-0.095
-0.101
-0.099
-0.087
-0.075
-0.077
-0.087
-0.098
-0.105
-0.101
-0.095
 -0.09
-0.084
 -0.07
-0.062
-0.076
-0.096
-0.105
-0.104
-0.099
-0.095
-0.095
-0.095
-0.098
-0.101
-0.109
-0.102
-0.086
-0.085
-0.106
-0.128
-0.134
-0.128
 -0.12
-0.116
-0.116
-0.116
-0.116
-0.115
-0.111
-0.106
-0.106
-0.114
 -0.12
-0.117
-0.113
-0.107
-0.102
-0.113
-0.117
-0.119
-0.121
 -0.12
-0.113
   -0.1
-0.085
-0.075
-0.075
-0.084
-0.086
-0.074
-0.062
-0.074
-0.095
-0.101
-0.089
-0.076
-0.066
-0.065
-0.065
-0.066
-0.077
-0.085
-0.085
-0.081
-0.072
-0.066
-0.058
-0.052
-0.041
-0.031
-0.025
-0.026
-0.033
-0.034
-0.033
-0.037
 -0.04
-0.036
-0.039
 -0.05
 -0.05
 -0.04
-0.036
-0.031
-0.034
 -0.04
-0.041
 -0.03
 -0.03
-0.052
-0.062
-0.052
 -0.04
-0.031
-0.034
-0.043
-0.054
-0.058
-0.054
-0.037
-0.025
-0.024
-0.026
-0.019
-0.009
 -0.01
-0.011
-0.013
-0.014
-0.019
-0.018
-0.004
-0.001
-0.006
-0.007
 0.007
 0.021
 0.025
 0.024
  0.01
 0.007
 0.014
  0.02
  0.01
-0.005
 -0.02
 -0.03
-0.034
-0.036
-0.033
-0.034

-0.039
-0.051
 -0.06
-0.052
 -0.04
-0.026
 -0.03
-0.035
-0.041
-0.044
-0.048
-0.054
-0.049
-0.037
-0.028
-0.022
-0.028
-0.043
-0.045
-0.035
-0.026
-0.024
 -0.02
-0.009
 0.005
 0.019
 0.033
 0.052
 0.072
 0.095
 0.122
 0.155
 0.193
 0.216
 0.236
  0.23
 0.204
 0.151
  0.08
-0.006
-0.086
-0.124
-0.121
   -0.1
-0.096
 -0.11
-0.121
-0.115
-0.089
-0.071
-0.072
-0.089
-0.098
-0.098
-0.094
 -0.09
   -0.1
-0.105
-0.098
-0.087
-0.077
-0.076
-0.072
-0.079
-0.079
-0.077
-0.079
-0.075
 -0.07
-0.058
-0.045
-0.041
-0.062
-0.095
-0.113
-0.114
-0.102
-0.096
 -0.09
-0.094
-0.095
-0.092
-0.089
-0.083
 -0.08
-0.083
-0.096
-0.107
 -0.11
-0.098
-0.086
-0.095
-0.115
-0.125
-0.124
-0.121
-0.115
-0.109
-0.111
-0.116
 -0.12
-0.119
 -0.12
 -0.12
 -0.11
-0.098
 -0.09
-0.094
   -0.1
-0.094
-0.076
-0.059
-0.056
-0.071
-0.086
 -0.09
-0.075
-0.062
-0.059
-0.059
-0.061
-0.061
 -0.06
-0.058
 -0.06
 -0.06
-0.061
-0.062
 -0.06
-0.055
 -0.05
-0.052
-0.048
-0.043
 -0.04
-0.045
-0.051
-0.045
-0.048
-0.051
-0.059
-0.062
-0.058
-0.052
-0.046
-0.051
-0.059
-0.065
-0.066
-0.062
-0.064
-0.075
-0.085
-0.089
-0.084
-0.074
-0.068
-0.068
 -0.07
-0.077
-0.085
-0.084
-0.077
-0.072
-0.066
-0.061
-0.062
-0.069
-0.065
-0.055
-0.044
 -0.04
-0.044
-0.045
-0.046
-0.037
-0.034
-0.036
-0.037
-0.031
-0.022
-0.015
-0.005
-0.001
 0.003
 0.003
 0.001
 0.003
 0.009
 0.014
 0.004
-0.001
-0.009
-0.015
-0.024
-0.035
-0.037
-0.048
 -0.05
 -0.05
-0.044
-0.043
-0.037
-0.033
-0.026
-0.019
-0.022
-0.024
-0.024
 -0.02
 -0.02
-0.019
-0.016
-0.024
-0.019
-0.009
     0
     0
-0.005
 -0.01
-0.015
-0.007
 0.009
 0.026
 0.046
 0.068
  0.09
 0.119
 0.151
  0.19
 0.221
 0.247
 0.264
 0.258
 0.244
 0.191
 0.126
 0.039
-0.043
-0.102
-0.128
-0.114
-0.094
-0.089
-0.087
-0.086
-0.081
-0.071
-0.055
-0.051
-0.058
-0.068
 -0.08
-0.089
-0.087
-0.081
-0.076
 -0.07
-0.069
-0.075
-0.086
-0.095
-0.094
 -0.09
-0.079
-0.076
-0.072
-0.075
 -0.08
-0.076
-0.062
 -0.05
-0.058
-0.071
-0.081
-0.084
-0.083
-0.086
-0.079
-0.075
-0.076
-0.085
-0.092
-0.091
-0.084
-0.076
-0.074
 -0.08
-0.092
-0.094
-0.086
 -0.09
-0.106
-0.122
-0.119
-0.113
-0.105
-0.098
 -0.09
-0.085
-0.089
-0.092
-0.098
-0.092
-0.087
-0.084
-0.089
-0.096
-0.092
-0.077
-0.062
-0.055
 -0.05
-0.049
-0.054
-0.052
-0.043
-0.037
-0.049
-0.068
-0.075
-0.074
-0.065
 -0.05
-0.049
-0.049
-0.055
-0.056
-0.056
-0.051
-0.043
-0.041
-0.043
-0.043
-0.039
-0.035
-0.036
-0.039
-0.035
-0.025
-0.028
-0.031
-0.036
-0.035
-0.037
-0.039
-0.034
-0.035
-0.028
-0.021
-0.014
-0.009
-0.013
-0.022
-0.034
-0.036
-0.037
-0.039
 -0.04
-0.034
-0.025
-0.025
-0.037
-0.054
-0.056
-0.054
-0.049
-0.045
-0.037
-0.031
-0.029
-0.024
 -0.02
-0.016
 -0.01
     0
 0.007
 0.007
 0.001
-0.006
-0.015
-0.011
 0.001
 0.013
 0.018
 0.015
 0.018
 0.021
 0.019
 0.011
 0.007
-0.001
-0.021
-0.037
-0.046
-0.051
-0.058
-0.061
-0.059
-0.066
-0.068
-0.068
 -0.06
-0.058
-0.058
-0.055
-0.059
-0.056
-0.054
 -0.05
-0.045
-0.044
-0.045
-0.054
-0.061
 -0.06
-0.049
-0.043
-0.041
-0.048
-0.052
 -0.04
-0.022
 0.001
 0.014
 0.021
  0.03
 0.055
 0.096
 0.141
 0.181
 0.206
 0.217
 0.214
 0.211
 0.172
 0.107
  0.02
 -0.07
-0.128
-0.156
-0.154
-0.133
-0.111
-0.099
-0.096
-0.094
-0.091
 -0.09
-0.091
-0.092
-0.092
-0.091
-0.085
-0.077
-0.076
-0.075
-0.071
-0.071
-0.065
-0.062
-0.064
-0.069
 -0.07
-0.074
-0.077
-0.079
 -0.08
-0.075
-0.068
-0.061
-0.062
-0.069
-0.072
-0.075
-0.068
-0.069
-0.071
-0.071
-0.066
-0.061
-0.071
-0.077
-0.079
-0.076
-0.075
-0.072
-0.071
-0.076
-0.079
 -0.08
-0.076
-0.075
-0.075
-0.077
-0.079
 -0.08
-0.087
-0.089
-0.083
-0.076
-0.074
 -0.07
-0.056
-0.048
 -0.05
-0.064
-0.075
-0.077
-0.074
-0.056
-0.043
-0.034
 -0.03
-0.031
-0.034
-0.031
-0.026
-0.025
-0.033
-0.039
-0.031
-0.024
-0.021
-0.025
-0.026
-0.033
-0.036
-0.033
 -0.03
 -0.03
 -0.03
-0.026
-0.028
-0.029
-0.033
-0.031
-0.025
-0.016
-0.007
-0.001
-0.003
-0.005
-0.004
 0.007
 0.013
 0.007
 0.001
 0.009
 0.009
-0.001
-0.015
-0.013
-0.009
-0.004
 0.005
 0.005
 0.005
     0
     0
 0.003
 0.006
  0.01
 0.005
 0.004
     0
     0
 0.003
  0.01
  0.01
 0.013
 0.018
 0.015
 0.013
 0.013

 0.018
 0.025
 0.034
 0.043
  0.04
  0.04
 0.044
 0.052
 0.058
 0.058
 0.055
  0.05
 0.049
 0.049
 0.043
 0.034
 0.025
 0.014
 0.007
 0.001
 -0.01
-0.026
-0.036
-0.039
-0.035
-0.031
 -0.03
-0.022
-0.014
 -0.01
-0.016
 -0.03
-0.035
-0.045
-0.041
 -0.04
-0.036
-0.031
-0.024
-0.018
-0.025
-0.026
-0.026
-0.024
-0.019
-0.011
-0.004
 0.007
 0.021
 0.031
 0.051
 0.069
 0.098
 0.135
 0.186
  0.23
 0.242
 0.246
  0.23
 0.204
 0.146
 0.065
-0.016
-0.095
-0.142
-0.159
-0.152
-0.131
 -0.11
-0.089
 -0.07
-0.066
-0.077
-0.083
-0.079
-0.071
-0.068
-0.069
-0.075
-0.079
-0.075
-0.072
-0.076
-0.077
-0.072
-0.066
-0.064
-0.058
-0.055
-0.062
-0.071
-0.071
 -0.07
-0.066
-0.065
-0.062
-0.059
-0.051
-0.041
-0.036
-0.036
 -0.04
-0.048
-0.061
-0.074
-0.077
 -0.07
-0.062
-0.068
-0.071
-0.072
-0.069
-0.064
-0.056
 -0.05
-0.056
-0.056
-0.066
 -0.08
-0.085
-0.083
-0.079
-0.075
-0.061
-0.044
-0.031
-0.045
-0.076
-0.095
 -0.09
-0.069
 -0.05
-0.033
-0.029
-0.035
-0.049
-0.051
-0.033
-0.015
-0.007
-0.011
 -0.02
-0.031
-0.039
 -0.04
-0.045
-0.037
 -0.03
-0.025
-0.025
-0.025
-0.028
-0.028
 -0.03
-0.031
-0.034
-0.035
-0.037
-0.035
-0.029
-0.026
-0.029
 -0.03
-0.025
-0.022
-0.026
-0.031
-0.036
-0.024
-0.006
-0.001
-0.006
 -0.01
-0.011
-0.014
-0.015
 -0.02
-0.025
 -0.03
-0.024
-0.021
-0.016
-0.018
-0.022
 -0.01
 0.006
 0.014
-0.007
-0.036
-0.044
-0.037
-0.021
-0.016
 -0.02
 -0.02
-0.011
 0.001
-0.001
     0
 0.007
 0.018
 0.024
 0.031
 0.029
  0.02
 0.009
 0.004
 0.009
 0.014
 0.018
 0.019
 0.019
 0.021
 0.019
 0.014
 0.005
-0.011
-0.029
-0.041
-0.045
-0.055
 -0.06
-0.068
-0.072
 -0.07
-0.058
-0.048
-0.048
-0.061
-0.076
-0.076
-0.064
-0.051
-0.046
-0.051
-0.065
 -0.07
-0.064
-0.056
-0.056
 -0.06
-0.061
-0.065
-0.054
-0.044
-0.036
-0.021
      0
 0.029
 0.049
 0.075
  0.11
 0.161
  0.21
  0.24
 0.253
 0.265
 0.271
 0.233
 0.136
 0.005
-0.113
-0.189
-0.212
-0.199
 -0.17
 -0.15
-0.149
-0.156
-0.152
-0.141
-0.126
-0.131
-0.135
-0.136
-0.136
 -0.13
-0.124
-0.113
-0.111
 -0.12
-0.131
-0.122
-0.101
-0.087
-0.089
-0.107
-0.119
-0.122
-0.114
-0.105
-0.106
-0.109
-0.114
-0.115
-0.114
-0.104
-0.096
-0.098
-0.106
-0.116
-0.119
-0.119
 -0.11
   -0.1
-0.089
-0.089
-0.105
-0.122
 -0.13
-0.131
-0.129
-0.124
-0.119
-0.115
-0.116
 -0.12
-0.128
-0.135
-0.138
-0.133
-0.128
-0.124
-0.113
-0.113
-0.114
-0.115
-0.117
-0.115
-0.107
   -0.1
-0.092
-0.083
-0.084
-0.089
-0.092
-0.091
-0.087
 -0.08
 -0.07
-0.065
-0.066
-0.069
-0.074
-0.076
-0.074
-0.068
-0.069
-0.069
-0.071
-0.074
-0.074
-0.065
-0.059
-0.059
 -0.06
 -0.07
-0.079
-0.087
-0.084
-0.072
-0.056

-0.045
-0.049
 -0.06
-0.074
-0.079
-0.075
-0.068
-0.061
-0.062
-0.061
 -0.06
 -0.06
-0.061
-0.058
-0.055
-0.056
-0.061
-0.062
-0.065
-0.065
-0.068
-0.071
-0.071
-0.071
-0.075
-0.079
-0.077
-0.066
 -0.06
-0.054
-0.055
-0.052
-0.054
-0.051
-0.048
-0.041
-0.034
-0.036
 -0.03
-0.025
-0.019
-0.018
-0.019
-0.013
-0.014
-0.007
-0.006
-0.005
-0.004
     0
     0
     0
-0.004
-0.013
-0.025
-0.037
-0.052
-0.064
 -0.07
-0.071
 -0.08
-0.085
-0.085
-0.085
-0.084
-0.083
-0.074
-0.072
-0.075
-0.077
-0.079
-0.081
-0.083
-0.076
-0.072
-0.071
-0.071
-0.065
-0.064
-0.068
 -0.08
-0.086
-0.076
-0.058
-0.033
-0.013
 0.004
  0.02
 0.046
 0.076
 0.122
 0.175
 0.219
 0.242
 0.251
 0.259
  0.25
  0.22
 0.144
 0.039
-0.074
-0.152
-0.188
-0.182
-0.161
-0.149
-0.144
-0.141
-0.131
-0.124
-0.116
-0.114
-0.119
-0.119
-0.117
-0.116
-0.115
-0.114
-0.106
 -0.11
-0.113
-0.116
-0.117
-0.115
 -0.11
-0.102
-0.102
-0.104
-0.105

   -0.1
-0.098
-0.096
-0.094
-0.095
-0.101
-0.116
-0.121
-0.117
-0.113
-0.109
 -0.11
 -0.11
-0.114
-0.113
-0.111
-0.111
-0.111
 -0.11
-0.109
-0.111
-0.114
-0.117
-0.115
-0.115
-0.116
-0.116
-0.119
-0.116
 -0.12
 -0.12
-0.117
-0.114
-0.111
-0.107
-0.109
-0.106
-0.101
-0.098
 -0.09
-0.081
-0.075

-0.076
-0.075
-0.072
-0.071
-0.068
-0.064
-0.059
-0.056
-0.056
-0.058
-0.054
-0.051
-0.049
-0.049
-0.048
-0.046
 -0.05
 -0.05
 -0.05
 -0.05
-0.051
 -0.05
-0.044
-0.049
-0.048
-0.045
-0.039
-0.037
-0.034
-0.025
-0.025
-0.025
-0.028
-0.029
-0.028
-0.028
-0.026
-0.021
-0.016
-0.014
-0.011
 -0.01
-0.011
-0.014
-0.014
-0.014
-0.014
 -0.01
-0.009
 -0.01
-0.013
-0.013
-0.015
-0.016
-0.016
-0.016
-0.016
-0.013
-0.013
 -0.02
-0.021
 -0.02
-0.016
-0.011
-0.006
-0.001
 0.003
  0.01
 0.013
 0.021
 0.024
 0.026
 0.029
 0.031
 0.035
 0.031
 0.037
  0.04
 0.045
 0.048
 0.049
 0.052
 0.046
 0.043
 0.036
 0.031
 0.021
 0.009
     0
-0.004
-0.005
 -0.01
-0.009
 -0.01
-0.011
-0.015
-0.016
-0.013
-0.015
-0.015
-0.015
-0.011
-0.011
 -0.01
-0.006
-0.009
-0.007
     0
 0.006
 0.009
 0.009
 0.004
-0.001
-0.004
 0.001
 0.016
  0.04
 0.064
  0.08
 0.098
 0.116
 0.145
  0.19
 0.247
 0.299
 0.326
  0.34
 0.328
   0.3
 0.225
 0.124
 0.015
-0.075
-0.125
-0.136
-0.116
-0.094
-0.085
 -0.08
-0.075
-0.071
-0.065
-0.056
-0.054
-0.049
-0.048
-0.046
-0.045
-0.043
-0.035
-0.035
-0.036
-0.041
 -0.04
-0.037
-0.033
 -0.02
-0.021
-0.019
-0.019
-0.021
-0.024
-0.022
-0.024
-0.025
-0.025
-0.024
 -0.02
 -0.02
-0.019
 -0.02
-0.021
-0.026
-0.035
-0.036
-0.036
-0.034
-0.031
 -0.03
-0.029
-0.036
-0.037
 -0.04
 -0.04
-0.043
-0.045
-0.043
-0.041
-0.043
-0.046
-0.046
-0.045
 -0.04
-0.036
-0.034
-0.035
-0.035
-0.033
-0.028
-0.022
 -0.02
-0.015
-0.013
 -0.01
-0.006
     0
 0.005
  0.01
 0.015
 0.016
 0.019
  0.02
  0.02
 0.022
 0.022
  0.02
 0.016
  0.02
 0.019
 0.021
 0.019
 0.019
 0.018
 0.015
 0.018
 0.015
 0.018
 0.015
 0.015
 0.018
 0.022
  0.03
 0.028
  0.03
  0.03
 0.034
 0.034
 0.037
  0.04
 0.037
 0.039
  0.04
 0.045
0.048
 0.05
0.052
0.056
0.058
0.054
0.056
0.058
 0.06
0.056
0.058
 0.06
0.058
0.055
0.051
0.051
 0.05
0.052
0.052
0.056
0.056
0.058
0.062
0.066
 0.07
 0.07
0.076
 0.08
0.086
0.092
0.095
0.096
0.094
0.098
  0.1
0.107
0.106
0.106
0.107
0.109
0.111
0.102
0.095
0.086
0.074
0.059
0.049
0.039
0.024
 0.02
0.019
 0.02
0.018
0.018
0.015
0.018
0.019
0.014
0.015
0.014
0.016
0.016
0.016
0.018
0.013
0.014
0.014
0.014
0.013
0.014

 0.015
 0.009
 0.014
 0.026
 0.049
 0.065
 0.086
 0.102
 0.122
 0.138
 0.155
 0.184
 0.224
 0.259
  0.27
  0.28
 0.275
 0.254
 0.191
 0.087
-0.006
-0.083
-0.113
-0.102
-0.081
-0.066
 -0.06
-0.054
-0.044
-0.036
-0.033
-0.029
 -0.03
-0.031
-0.033
-0.034
-0.033
-0.036
-0.037
 -0.04
-0.037
-0.039
 -0.04
-0.044
-0.045
-0.045
 -0.05
-0.048
-0.043
 -0.04
-0.043

-0.045
-0.039
 -0.04
-0.037
-0.036
-0.034
-0.034
-0.034
-0.033
-0.031
-0.031
-0.036
-0.036
-0.041
-0.045
-0.052
-0.056
-0.059
-0.064
-0.065
-0.062
-0.059
-0.061
-0.068
-0.069
-0.075
-0.071
 -0.07
-0.069
 -0.07
-0.071
-0.066
-0.066
-0.064
-0.062
-0.062
-0.064
-0.064
-0.059
-0.055
 -0.05
-0.052
-0.052
 -0.05
-0.046
-0.036
 -0.03
-0.026
-0.028
-0.028
-0.025
-0.024
 -0.02
 -0.02
-0.022
-0.021
 -0.02
-0.021
-0.029
-0.037
-0.041
-0.046
-0.044
 -0.04
-0.037
-0.033
-0.029
 -0.03
-0.022
 -0.01
-0.007
-0.007
-0.016
-0.018
-0.015
-0.013
-0.007
-0.009
     0
 0.001
-0.007
-0.021
-0.025
-0.018
-0.018
-0.011
 -0.01
-0.009
-0.007
-0.001
 0.007
  0.01
 0.009
 0.004
 0.001
 -0.01
 -0.02
-0.024
-0.019
 -0.02
-0.035
-0.044
-0.046
 -0.04
-0.028
-0.019
-0.014
 -0.02
-0.019
-0.007
 0.003
 0.003
-0.001
-0.001
 0.004
 0.011
  0.02
 0.028
 0.028
 0.026
 0.024
 0.026
 0.028
 0.028
 0.026
 0.024
 0.021
  0.02
 0.016
     0
-0.015
 -0.03
-0.034
-0.036
 -0.04
-0.044
 -0.05
-0.049
-0.048
-0.039
-0.024
-0.018
-0.036
-0.059
-0.065
 -0.06
-0.049
 -0.04
-0.039
 -0.04
-0.046
-0.046
-0.052
 -0.05
-0.046
-0.043
-0.049
-0.056
-0.052
-0.041
-0.021
-0.007
 0.004
 0.013
 0.031
 0.059
 0.106
  0.16
 0.193
 0.207
 0.204
 0.207
 0.194
 0.149
 0.061
-0.055
-0.139
-0.177
-0.176
-0.149
-0.133
-0.134
-0.139
-0.125
-0.095
-0.069
-0.065
-0.089
-0.116
 -0.13
 -0.12
-0.109
-0.096
-0.084
-0.072
-0.072
-0.084
-0.096
   -0.1
-0.094
-0.098
 -0.11
-0.116
-0.109
-0.102
-0.107
-0.113
-0.109
-0.101
-0.099
-0.096
-0.101
-0.099
-0.094
-0.087
-0.084
-0.083
 -0.09
-0.104
-0.114
-0.111
 -0.09
-0.077
-0.091
-0.111
-0.122
-0.115
-0.106
   -0.1
-0.101
   -0.1
-0.099
-0.104
-0.107
-0.109
   -0.1
-0.106
 -0.13
-0.142
-0.138
-0.113
-0.095
-0.084
-0.095
-0.106
-0.109
-0.102
-0.095
 -0.09
-0.087
-0.087
-0.084
 -0.08
-0.077
-0.075
-0.068
-0.058
-0.045
-0.026
-0.011
-0.029
 -0.07
-0.095
-0.086
-0.064
 -0.05
-0.061
-0.079

-0.084
-0.071
-0.061
-0.054
-0.051
-0.044
-0.033
-0.026
-0.026
-0.031
-0.043
-0.056
 -0.06
-0.048
-0.034
-0.031
-0.036
-0.034
-0.039
-0.041
-0.039
 -0.03
-0.021
-0.021
-0.025
-0.033
-0.033
-0.031
-0.028
-0.022
-0.024
-0.034
-0.043
-0.041
-0.037
-0.029
-0.024
-0.026
-0.041
-0.054
 -0.05
-0.041
-0.035
-0.034
-0.033
-0.024
-0.014
 -0.01
 -0.02
-0.026
-0.028
-0.024
-0.015
-0.006
-0.001
 0.009
  0.02
 0.024
 0.019
  0.01
 0.007
 0.007
 0.013
 0.021
 0.026
  0.01
-0.025
-0.058
-0.075
 -0.08
-0.076
-0.075
 -0.07
-0.065
-0.068
-0.079
-0.084
-0.087
-0.087
 -0.09
-0.095
 -0.09
-0.086
-0.085
 -0.08
-0.074
 -0.07
-0.072
-0.077
-0.081
-0.075
-0.066
-0.061
-0.068
-0.069
-0.061
-0.048
-0.034
-0.019
 0.001
 0.009
 0.031
 0.065
 0.111
 0.139
 0.145
 0.142
 0.142
 0.144
 0.114
 0.043
-0.049
-0.136
-0.188
-0.195
 -0.17
-0.142
-0.128
-0.122
-0.124
-0.125
-0.126
-0.121
-0.124
-0.121
-0.117
-0.116
-0.116
-0.122
-0.119
-0.117
-0.116
 -0.12
-0.117
 -0.11
-0.104
-0.105
-0.114
-0.124
 -0.13
-0.122
-0.116
 -0.11
   -0.1
-0.092
-0.095
-0.102
-0.111
-0.114
-0.106
-0.105
-0.116
-0.134
-0.133
-0.117
-0.107
-0.105
-0.114
-0.125
-0.134
-0.134
-0.129
-0.126
-0.124
-0.129
 -0.13
 -0.13
-0.131
-0.138
-0.135
-0.124
-0.109
-0.104
-0.113
-0.125
 -0.14
-0.146
-0.142
-0.136
-0.129
-0.124
-0.113
-0.114
-0.116
 -0.12
-0.115
-0.104
-0.099
-0.101
-0.105
-0.101
-0.094
-0.086
-0.085
-0.081
-0.072
-0.068
-0.069
-0.077
-0.084
 -0.09
-0.092
-0.087
 -0.08
 -0.08
-0.086
-0.087
 -0.09
-0.081
-0.076
-0.071
-0.064
-0.064
-0.069
-0.074
-0.072
-0.066
 -0.06
-0.055
 -0.06
-0.065
-0.062
 -0.06
-0.061
-0.061
-0.055
-0.044
-0.045
-0.046
-0.049
-0.043
-0.036
-0.024
 -0.02
-0.036
-0.059
-0.071
-0.066
 -0.05
 -0.04
-0.045
-0.058
-0.064
-0.066
-0.059
-0.054
-0.048
-0.045
-0.036
 -0.02
-0.016
-0.018
-0.019
-0.014
-0.003
 0.006
 0.015
 0.011
 0.013
  0.01
 0.013
  0.02
  0.03
 0.034
 0.037
 0.043
  0.04
 0.035
 0.022
  0.01
-0.005
 -0.02
-0.037
 -0.05
 -0.05
-0.052
-0.061
-0.071
-0.076
 -0.07
-0.066
-0.061
 -0.07
-0.085
-0.098
-0.096
-0.089
-0.083
-0.076
-0.074
-0.072
-0.072
 -0.07
-0.066
-0.065
-0.068
-0.072
-0.071
-0.069
-0.064
-0.054
-0.037
 -0.02
-0.003
 0.014
 0.031
 0.052
 0.084
 0.129
 0.154
 0.165
 0.159
  0.15
 0.134
 0.095
  0.02
-0.068
-0.145
 -0.19
-0.203
-0.185
-0.156
-0.145
-0.144
-0.136
-0.129
 -0.12
-0.113
-0.114
-0.115
-0.116
-0.113
-0.115
-0.114
-0.115
-0.119
 -0.12
-0.116
-0.107
-0.113
-0.113
-0.113
 -0.11
-0.107
-0.107
-0.107
-0.105
-0.101
-0.099
   -0.1
-0.098
-0.101
-0.105
-0.105
-0.102
-0.107
-0.111
-0.113
 -0.11
-0.105
-0.104
-0.105
-0.107
-0.107
-0.111
-0.111
 -0.11
 -0.11
 -0.11
-0.106
-0.107
 -0.12
-0.131
-0.133
 -0.12
-0.116
-0.119
-0.126
-0.125
-0.116
-0.116
-0.128
-0.133
-0.128
-0.126
-0.122
-0.119
-0.119
-0.117
-0.113
-0.104
   -0.1
 -0.09
-0.085
 -0.08
 -0.08
-0.084

-0.083
-0.079
-0.071
-0.064
-0.052
-0.049
-0.056
-0.061
-0.061
-0.056
-0.059
 -0.06
-0.058
-0.051
-0.043
-0.037
-0.036
 -0.05
-0.054
 -0.05
-0.041
-0.033
-0.029
-0.029
 -0.03
-0.036
-0.046
 -0.05
-0.041
-0.033
-0.028
-0.029
-0.028
-0.029
-0.028
-0.028
-0.028
-0.025
-0.022
-0.026
-0.028
-0.026
-0.028
 -0.03
-0.031
-0.029
 -0.03
 -0.03
-0.029
-0.028
-0.029
-0.034
-0.034
 -0.03
-0.021
-0.021
-0.018
-0.015
-0.016
-0.018
-0.014
-0.007
-0.007
-0.003
 0.004
 0.011
 0.016
 0.018
  0.02
  0.02
 0.034
 0.039
  0.04
 0.031
 0.029
 0.025
 0.028
 0.031
  0.03
 0.028
 0.011
-0.013
-0.033
-0.043
-0.045
-0.051
-0.058
-0.062
-0.062
-0.062
-0.056
-0.048
-0.046
-0.041
-0.039
-0.039
-0.039
 -0.04
 -0.04
-0.043
-0.046
-0.049
-0.046
-0.043
-0.046
-0.051
-0.056
-0.051
-0.043
-0.031
 -0.02
-0.007
 0.009
 0.033
 0.061
 0.102
 0.155
 0.211
 0.254
 0.276
 0.291
 0.294
 0.292
 0.253
 0.177
 0.062
-0.045
 -0.13
-0.171
-0.161
-0.139
-0.122
 -0.11
-0.101
-0.099
-0.098
-0.095
-0.095
-0.095
 -0.09
-0.087
-0.085
-0.086
-0.086
-0.095
-0.104
-0.109
-0.109
-0.102
-0.099
-0.095
-0.096
-0.096
-0.092
 -0.09
-0.086
-0.084
-0.084
-0.085
-0.083
-0.081
-0.083
-0.085
-0.085
-0.083
-0.081
 -0.08
-0.085
-0.083
-0.083
-0.084
-0.084
-0.081
-0.077
-0.083
-0.084
-0.086
 -0.09
-0.092
-0.094
-0.094
-0.094
 -0.09
-0.086
-0.086
-0.091
-0.098
-0.096
-0.092
-0.089
-0.085
-0.083
 -0.08
-0.087
-0.091
 -0.09
-0.083
-0.075
-0.065
-0.059
-0.055
-0.058
-0.056
-0.055
-0.049
 -0.05
 -0.05
-0.049
-0.046
-0.049
-0.046
-0.034
-0.029
-0.029
-0.034
-0.041
-0.049
-0.054
-0.046
-0.044
-0.035
-0.026
-0.021
-0.019
-0.022
-0.021
-0.024
-0.015
-0.009
-0.006
-0.004
-0.001
     0
-0.003
-0.005
-0.005
-0.003
-0.001
     0
     0
 0.004
 0.007
 0.005
 0.003
-0.001
-0.001
-0.004
 0.001
 0.005
 0.001
-0.004
-0.006
-0.006
-0.009
-0.007
-0.007
-0.007
-0.001
 0.009
 0.019
 0.021
 0.021
  0.02
 0.024
 0.025
 0.03
0.036
0.045
0.049
 0.05
0.052
0.049
0.052
0.055
0.062
0.066
0.066
0.069
 0.06
 0.056
 0.044
 0.034
  0.02
 0.011
 0.005
-0.004
-0.009
-0.015
-0.019
-0.018
-0.019
 -0.02
-0.024
-0.018
-0.018
-0.015
 -0.02
-0.026
-0.028
 -0.02
-0.005
-0.004
     0
     0
 0.004
  0.01
 0.018
 0.025
 0.033
 0.041
 0.049
 0.055
 0.055
 0.058
 0.059
 0.075
 0.095
 0.124
 0.169
 0.223
  0.26
 0.271
 0.282
 0.263
 0.209
 0.109
-0.007
-0.107
-0.179
-0.203
-0.181
 -0.15
-0.122
 -0.11
-0.096
-0.084
-0.071
-0.061
 -0.05
-0.046
-0.045
-0.051
-0.054
-0.051
-0.041
-0.034
-0.039
-0.048
-0.051
 -0.05
-0.046
-0.046
-0.044
-0.046
-0.041
-0.045
-0.054
-0.061
-0.056
-0.045
-0.045
-0.046
-0.048
-0.048
-0.051
-0.056

-0.058
-0.055
 -0.05
-0.052
-0.052
-0.054
-0.058
-0.056
-0.054
 -0.05
-0.059
-0.062
-0.069
-0.072
-0.074
 -0.07
-0.062
-0.068
 -0.07
 -0.07
 -0.07
 -0.07
-0.066
 -0.06
-0.058
 -0.06
-0.064
-0.061
-0.056
-0.055
-0.056
-0.054
-0.051
-0.051
-0.046
-0.037
-0.034
-0.034
 -0.03
-0.028
-0.024
-0.021
 -0.02
-0.018
 -0.02
-0.018
-0.025
-0.033
 -0.04
-0.041
-0.039
-0.034
 -0.03
-0.028
-0.028
-0.033
-0.035
-0.037
-0.039
-0.033
-0.028
-0.019
-0.022
-0.022
-0.021
-0.015
-0.011
-0.015
-0.013
-0.018
-0.015
-0.015
-0.009
-0.006
-0.005
-0.004
-0.006
-0.006
 -0.01
-0.006
-0.006
-0.006
 -0.01
-0.005
 0.003

-0.005
-0.019
 -0.03
-0.035
-0.036
-0.035
-0.033
-0.036
-0.035
-0.031
-0.025
-0.026
-0.025
-0.019
-0.016
 -0.01
 -0.01
-0.007
-0.003
 0.003
 0.009
 0.016
 0.019
 0.013
 0.005
 0.005
 0.015
 0.026
  0.03
 0.024
 0.022
 0.021
 0.018
  0.01
-0.001
 -0.01
-0.037
-0.058
-0.066
-0.065
-0.068
 -0.07
-0.071
-0.074
-0.072
-0.072
-0.072
-0.071
-0.071
 -0.07
-0.069
-0.062
-0.065
-0.061
-0.059
 -0.06
-0.064
-0.066
-0.061
-0.058
-0.056
-0.058
-0.068
-0.071
 -0.07
-0.064
-0.052
-0.036
-0.025
-0.014
-0.003
  0.02
 0.049
 0.094
 0.144
 0.184
 0.207
 0.219
 0.229
 0.188
 0.099
-0.025
 -0.14
   -0.2
-0.217
-0.206
-0.175
-0.151
-0.142
-0.151
-0.151
-0.144
-0.128
-0.117

-0.114
-0.115
-0.116
-0.119
-0.122
-0.124
-0.122
-0.121
-0.121
 -0.12
-0.119
-0.116
-0.109
-0.107
-0.114
-0.124
-0.124
 -0.12
-0.114
-0.111
-0.107
-0.107
-0.113
-0.121
-0.126
-0.121
-0.115
 -0.11
-0.106
-0.107
-0.106
-0.105
-0.101
-0.105
 -0.11
-0.113
-0.114
-0.113
-0.114
-0.116
 -0.12
-0.116
-0.109
-0.109
-0.114
-0.121
-0.122
-0.133
-0.135
-0.133
-0.128
-0.125
-0.126
-0.122
-0.125
-0.121
 -0.12
-0.116
-0.113
-0.106
-0.098
-0.092
-0.094
-0.098
-0.094
-0.087
-0.085
-0.085
-0.085
 -0.08
 -0.08
-0.076
-0.076
-0.074
-0.076
 -0.08
 -0.08
-0.077
-0.077
-0.079
-0.079
-0.075
-0.075
-0.071
-0.065
-0.062
-0.065
-0.062
-0.054
-0.049
-0.049
-0.046
-0.048
-0.045
-0.044
-0.044
-0.044
-0.043
-0.037
-0.039
-0.036
-0.036
 -0.04
-0.041
 -0.04
-0.036
-0.037
-0.037
-0.037
-0.039
-0.043
-0.046
-0.049
-0.049
-0.048
-0.052
-0.054
-0.051
 -0.05
-0.049
-0.048
-0.041
-0.045
-0.041
-0.035
-0.029
-0.025
-0.019
 -0.01
-0.007
-0.006
-0.007
-0.005
-0.005
-0.004
     0
 0.007
 0.014
 0.014
 0.015
 0.015
 0.006
-0.005
-0.013
-0.019
-0.029
-0.045
-0.058
-0.062
-0.066
-0.069
-0.072
-0.071
-0.069
 -0.07
 -0.07
-0.071
-0.071
 -0.07
-0.071
-0.071
-0.075
-0.074
-0.068
-0.065
-0.061
-0.061
-0.069
-0.066
-0.065
-0.062
-0.068
-0.066
-0.062
 -0.06
-0.043
-0.026
-0.016
-0.014
-0.006
 0.011
 0.045
 0.107
 0.161
 0.215
 0.234
 0.245
  0.24
 0.209
  0.13
-0.005
-0.141
-0.228
-0.261
-0.234
-0.199
-0.175
-0.168
-0.158
-0.141
-0.128
-0.116
-0.111
-0.106
-0.111
 -0.11
-0.107
-0.105
-0.105
 -0.11
 -0.11
-0.107
-0.101
-0.098
-0.096
-0.095
 -0.09
-0.091
-0.092
-0.094
-0.095
-0.091
-0.087
-0.085
-0.085
-0.084
-0.086
-0.085
-0.085
 -0.09
-0.092
-0.092
-0.091
-0.094
-0.098
-0.099
-0.099
-0.096
-0.094
-0.094
-0.092
-0.095
-0.098
-0.101
-0.101
   -0.1
-0.105
-0.109
-0.106
-0.104
   -0.1
   -0.1
-0.104

-0.104
-0.105
-0.099
-0.098
-0.086
-0.077
-0.076
-0.081
 -0.08
-0.075
-0.064
-0.058
-0.056
-0.056
-0.054
-0.048
-0.046
-0.044
 -0.04
 -0.04
-0.035
-0.037
 -0.04
-0.043
-0.043
 -0.04
-0.043
-0.045
-0.054
-0.056
 -0.05
 -0.04
-0.036
-0.036
-0.037
-0.036
-0.037
-0.035
-0.031
 -0.03
-0.028
 -0.03
-0.033
-0.029
-0.024
 -0.02
 -0.02
-0.015
-0.013
-0.011
-0.013
-0.011
-0.011
-0.013
-0.009
-0.011
 -0.01
-0.009
-0.009
 -0.01
-0.013
-0.005
-0.001
 0.004
     0
     0
-0.003
-0.006
-0.006
-0.006
 0.003
 0.009
 0.015
 0.014
 0.018
 0.021
 0.026
 0.035
 0.031
 0.039
 0.043
  0.05
 0.051
 0.052
 0.051
 0.052
 0.059
 0.064
 0.071
 0.071
 0.075
 0.075
  0.08
 0.076
 0.064
 0.052

 0.036
  0.02
 0.005
-0.003
-0.001
-0.004
-0.004
-0.009
-0.013
-0.013
-0.009
-0.004
-0.007
 -0.01
 -0.01
-0.009
-0.009
-0.007
-0.004
-0.004
-0.006
-0.007
-0.009
-0.005
-0.009
-0.015
-0.022
-0.033
-0.029
-0.015
 0.004
  0.02
  0.03
 0.044
 0.054
 0.087
 0.136
 0.196
 0.242
 0.265
 0.274
 0.271
 0.266
 0.223
 0.135
 0.021
-0.077
-0.141
-0.152
-0.133
 -0.11
-0.096
 -0.09
 -0.08
-0.074
-0.068
-0.062
-0.065
-0.065
-0.064
-0.065
-0.065
-0.066
 -0.06
-0.065
-0.064
-0.062
-0.058
-0.058
-0.052
 -0.05
-0.049
-0.049
 -0.05
-0.048
-0.046
-0.041
-0.035
 -0.03
 -0.03
-0.033
 -0.03
-0.026
-0.029
-0.035
-0.037
-0.035
-0.035
-0.037
-0.039
-0.037
-0.037
-0.041
-0.045
-0.045
-0.045
-0.048
-0.051
-0.055
-0.056
 -0.05
-0.043
-0.043
-0.048
-0.055
-0.056
-0.055
-0.052
-0.049
 -0.05
-0.049
-0.046
-0.043
 -0.04
-0.033
-0.022
-0.024
 -0.02
 -0.02
-0.016
-0.015
-0.015
-0.015
-0.011
-0.006
-0.005
-0.006
-0.006
-0.007
-0.007
-0.007
-0.005
-0.007

-0.006
 -0.01
-0.011
-0.014
-0.011
-0.005
-0.009
-0.006
-0.007
-0.009
 -0.01
-0.006
-0.003
 0.001
    0
0.004
0.009
0.013
0.013
 0.01
0.015
0.019
 0.02
0.025
0.024
0.022
0.019
0.024
0.025
0.025
 0.02
0.019
0.016
0.018
 0.02
0.019
0.019
0.019
0.018
0.015
0.014
0.015
0.019
0.026
0.028
0.031
0.034
 0.04
0.043
0.043
 0.05
0.054
0.058
0.059
 0.06
0.061
0.065
0.079
0.076
0.079
0.079
 0.084
 0.083
 0.081
 0.084
 0.085
 0.091
 0.089
 0.079
 0.066
 0.055
 0.045
 0.034
  0.02
 0.007
 0.007
 0.007
 0.007
 0.004
 0.009
 0.011
 0.004
-0.003
-0.005
-0.003
 0.003
 0.006
 0.007
 0.003
 0.001
-0.003
     0
 0.004
 0.007
 0.009
 0.009
 0.003
-0.007
-0.007
-0.004
 0.007
  0.02
 0.035
 0.049
 0.065
 0.084
 0.111
 0.159
 0.219
 0.273
   0.3
 0.318
  0.32
 0.314
 0.269
 0.185
 0.076
-0.035
 -0.11
-0.141
 -0.13
-0.102
-0.086
-0.079
-0.069
-0.059
 -0.05
-0.044
-0.041
 -0.04
-0.037
-0.035
 -0.03
-0.041
-0.046
-0.044
-0.039
-0.037
-0.036
-0.033
-0.039
-0.041
-0.043
-0.037
-0.034
-0.035
-0.035
-0.029
 -0.02
-0.021
-0.021
-0.026
-0.026
-0.026
-0.025
-0.021
-0.022
-0.022
-0.024
-0.024
-0.024
-0.026
-0.024
-0.026
 -0.03
-0.034
-0.036
-0.037
-0.036
-0.039
 -0.04
 -0.04
-0.045
-0.048
 -0.05
-0.049
 -0.05
-0.052
-0.056
 -0.06
-0.025
 0.014
-0.061
-0.204
-0.269
 -0.25
-0.216
-0.184
 -0.16
-0.141
-0.125
 -0.11
-0.107
-0.104
-0.096
-0.085
-0.076
-0.071
-0.069
-0.068
-0.072
-0.096
 -0.18
-0.261
-0.235
-0.145
-0.096
-0.081
-0.081
-0.079
-0.072
-0.064
-0.056
 -0.05
-0.041
-0.045
-0.043
-0.037
-0.029
-0.024
-0.019
 -0.01
-0.006
-0.005
-0.007
-0.007
-0.004
-0.003
-0.006
-0.009
-0.005
-0.004
-0.006
-0.011
-0.013
 -0.01
-0.005
-0.001
-0.005
-0.006
-0.015
 -0.03
-0.036
-0.035
-0.028
-0.018
-0.007
-0.006
-0.003
 0.005
 0.011
 0.016
 0.024
 0.024
 0.026
 0.029
 0.035
 0.037
 0.037
 0.039
 0.036
 0.041
 0.046
 0.051
 0.056
 0.061
  0.07
 0.059
 0.052
  0.04
  0.03
 0.016
 0.004
-0.007
-0.019
-0.024
-0.028
-0.026
-0.025
 -0.03
-0.034
 -0.03
-0.025
-0.029
-0.031
-0.031
-0.029
-0.028
-0.029
-0.025
-0.026
-0.025
-0.025
-0.021
-0.016
-0.013
-0.011
 -0.02
-0.021
-0.019
-0.007
 0.007
 0.028
 0.041
 0.056
 0.071
 0.094
 0.128
 0.176
 0.234
  0.26
 0.275
 0.278
 0.268
 0.211
 0.105
-0.013
 -0.12
-0.182
-0.193
-0.176
-0.142
-0.125
-0.115
-0.105
 -0.09
 -0.08
-0.075
-0.071
-0.072
-0.072
-0.072
-0.074
 -0.07
-0.068
-0.069
 -0.07
-0.068
-0.064
-0.065
-0.066
-0.062
-0.064
-0.065
-0.065
-0.061
 -0.06

-0.059
-0.052
-0.056
-0.058
-0.061
-0.062
-0.061
-0.056
-0.055
-0.055
-0.052
-0.055
-0.056
-0.058
-0.058
-0.061
-0.061
-0.059
 -0.06
 -0.06
 -0.06
-0.061
-0.062
-0.066
-0.062
 -0.07
 -0.07
-0.068
-0.066
-0.065
-0.065
-0.064
-0.064
 -0.06
-0.054
-0.052
-0.051
-0.052
 -0.05
-0.045
-0.039
-0.035
-0.028
 -0.02
-0.015
-0.016
-0.016
-0.015
-0.013
-0.013
-0.011
 -0.01
-0.013
-0.011
-0.011
-0.009
-0.005
-0.005
-0.007
-0.013
-0.014
-0.014
-0.013
-0.019
 -0.02
-0.018
-0.016
-0.016
-0.015
-0.009
-0.009
-0.006
-0.007
-0.005
-0.005
     0
 0.005
     0
     0
     0
 0.003
 0.006
 0.007
 0.009
 0.006
 0.007
 0.006
 0.005
 0.005
 0.001
     0
 0.003
 0.006
 0.005
 0.005
 0.005
 0.007
 0.007
  0.01
 0.013
  0.01
 0.011
 0.014
 0.015
 0.014
 0.019
 0.024
 0.022
 0.028
  0.03
 0.033
 0.036
 0.043
 0.045
  0.05
 0.056
 0.061
 0.062
 0.064
 0.068
  0.07
 0.068
 0.056
 0.043
 0.029
 0.011
 -0.02
-0.096
-0.169
-0.172
-0.142
-0.133
-0.133
-0.131
-0.149
-0.225
-0.281
-0.234
 -0.14
-0.099
-0.085
-0.077
-0.071
-0.066
-0.061
 -0.06
-0.059
-0.059
-0.055
-0.049
-0.044
-0.041
-0.051
-0.052
-0.045
-0.024
     0
 0.033
 0.062
 0.079
 0.102
 0.134
 0.186
 0.236
 0.289
 0.309
 0.321
 0.333
 0.325
 0.286
 0.185
 0.058
-0.058
-0.131
-0.144
-0.128
 -0.11
-0.105
-0.105
-0.102
-0.096
-0.085
-0.083
-0.083
-0.085
-0.085
-0.084
 -0.08
 -0.08
-0.081
 -0.08
-0.081
 -0.08
 -0.08
-0.079
-0.074
-0.068
-0.064
-0.065
-0.066
-0.065
-0.061
-0.059
-0.055
-0.056
-0.055
-0.056
-0.055
-0.052
-0.046
-0.045
-0.055
 -0.06
-0.061
 -0.06
-0.058
-0.058
-0.056
-0.059
 -0.06
-0.062
-0.068
-0.074
-0.077
